P,3928
